2000.0 0.2 1300.0
0.0 0.0 0.0
500.0 0.0 50.0
2000.0 0.2 1500.0
0.0 0.0 0.0
500.0 0.0 50.0
2000.0 0.2 1700.0
0.0 0.0 0.0
500.0 0.0 50.0
2000.0 0.2 1100.0
0.0 0.0 0.0
500.0 0.0 50.0
2000.0 0.2 900.0
0.0 0.0 0.0
500.0 0.0 50.0

500.0 0.2 1300.0
0.0 0.0 0.0
500.0 0.0 50.0
500.0 0.2 1500.0
0.0 0.0 0.0
500.0 0.0 50.0
500.0 0.2 1700.0
0.0 0.0 0.0
500.0 0.0 50.0
500.0 0.2 1100.0
0.0 0.0 0.0
500.0 0.0 50.0
500.0 0.2 900.0
0.0 0.0 0.0
500.0 0.0 50.0

-2000.0 0.2 1300.0
0.0 0.0 0.0
500.0 0.0 50.0
-2000.0 0.2 1500.0
0.0 0.0 0.0
500.0 0.0 50.0
-2000.0 0.2 1700.0
0.0 0.0 0.0
500.0 0.0 50.0
-2000.0 0.2 1100.0
0.0 0.0 0.0
500.0 0.0 50.0
-2000.0 0.2 900.0
0.0 0.0 0.0
500.0 0.0 50.0

-500.0 0.2 1300.0
0.0 0.0 0.0
500.0 0.0 50.0
-500.0 0.2 1500.0
0.0 0.0 0.0
500.0 0.0 50.0
-500.0 0.2 1700.0
0.0 0.0 0.0
500.0 0.0 50.0
-500.0 0.2 1100.0
0.0 0.0 0.0
500.0 0.0 50.0
-500.0 0.2 900.0
0.0 0.0 0.0
500.0 0.0 50.0

2000.0 0.2 -1300.0
0.0 0.0 0.0
500.0 0.0 50.0
2000.0 0.2 -1500.0
0.0 0.0 0.0
500.0 0.0 50.0
2000.0 0.2 -1700.0
0.0 0.0 0.0
500.0 0.0 50.0
2000.0 0.2 -1100.0
0.0 0.0 0.0
500.0 0.0 50.0
2000.0 0.2 -900.0
0.0 0.0 0.0
500.0 0.0 50.0

500.0 0.2 -1300.0
0.0 0.0 0.0
500.0 0.0 50.0
500.0 0.2 -1500.0
0.0 0.0 0.0
500.0 0.0 50.0
500.0 0.2 -1700.0
0.0 0.0 0.0
500.0 0.0 50.0
500.0 0.2 -1100.0
0.0 0.0 0.0
500.0 0.0 50.0
500.0 0.2 -900.0
0.0 0.0 0.0
500.0 0.0 50.0

-2000.0 0.2 -1300.0
0.0 0.0 0.0
500.0 0.0 50.0
-2000.0 0.2 -1500.0
0.0 0.0 0.0
500.0 0.0 50.0
-2000.0 0.2 -1700.0
0.0 0.0 0.0
500.0 0.0 50.0
-2000.0 0.2 -1100.0
0.0 0.0 0.0
500.0 0.0 50.0
-2000.0 0.2 -900.0
0.0 0.0 0.0
500.0 0.0 50.0

-500.0 0.2 -1300.0
0.0 0.0 0.0
500.0 0.0 50.0
-500.0 0.2 -1500.0
0.0 0.0 0.0
500.0 0.0 50.0
-500.0 0.2 -1700.0
0.0 0.0 0.0
500.0 0.0 50.0
-500.0 0.2 -1100.0
0.0 0.0 0.0
500.0 0.0 50.0
-500.0 0.2 -900.0
0.0 0.0 0.0
500.0 0.0 50.0



1300.0 0.2 2000.0
0.0 90.0 0.0
500.0 0.0 50.0
1500.0 0.2 2000.0
0.0 90.0 0.0
500.0 0.0 50.0
1700.0 0.2 2000.0
0.0 90.0 0.0
500.0 0.0 50.0
1100.0 0.2 2000.0
0.0 90.0 0.0
500.0 0.0 50.0
900.0 0.2 2000.0
0.0 90.0 0.0
500.0 0.0 50.0

1300.0 0.2 500.0
0.0 90.0 0.0
500.0 0.0 50.0
1500.0 0.2 500.0
0.0 90.0 0.0
500.0 0.0 50.0
1700.0 0.2 500.0
0.0 90.0 0.0
500.0 0.0 50.0
1100.0 0.2 500.0
0.0 90.0 0.0
500.0 0.0 50.0
900.0 0.2 500.0
0.0 90.0 0.0
500.0 0.0 50.0

-1300.0 0.2 2000.0
0.0 90.0 0.0
500.0 0.0 50.0
-1500.0 0.2 2000.0
0.0 90.0 0.0
500.0 0.0 50.0
-1700.0 0.2 2000.0
0.0 90.0 0.0
500.0 0.0 50.0
-1100.0 0.2 2000.0
0.0 90.0 0.0
500.0 0.0 50.0
-900.0 0.2 2000.0
0.0 90.0 0.0
500.0 0.0 50.0

-1300.0 0.2 500.0
0.0 90.0 0.0
500.0 0.0 50.0
-1500.0 0.2 500.0
0.0 90.0 0.0
500.0 0.0 50.0
-1700.0 0.2 500.0
0.0 90.0 0.0
500.0 0.0 50.0
-1100.0 0.2 500.0
0.0 90.0 0.0
500.0 0.0 50.0
-900.0 0.2 500.0
0.0 90.0 0.0
500.0 0.0 50.0

1300.0 0.2 -2000.0
0.0 90.0 0.0
500.0 0.0 50.0
1500.0 0.2 -2000.0
0.0 90.0 0.0
500.0 0.0 50.0
1700.0 0.2 -2000.0
0.0 90.0 0.0
500.0 0.0 50.0
1100.0 0.2 -2000.0
0.0 90.0 0.0
500.0 0.0 50.0
900.0 0.2 -2000.0
0.0 90.0 0.0
500.0 0.0 50.0

1300.0 0.2 -500.0
0.0 90.0 0.0
500.0 0.0 50.0
1500.0 0.2 -500.0
0.0 90.0 0.0
500.0 0.0 50.0
1700.0 0.2 -500.0
0.0 90.0 0.0
500.0 0.0 50.0
1100.0 0.2 -500.0
0.0 90.0 0.0
500.0 0.0 50.0
900.0 0.2 -500.0
0.0 90.0 0.0
500.0 0.0 50.0

-1300.0 0.2 -2000.0
0.0 90.0 0.0
500.0 0.0 50.0
-1500.0 0.2 -2000.0
0.0 90.0 0.0
500.0 0.0 50.0
-1700.0 0.2 -2000.0
0.0 90.0 0.0
500.0 0.0 50.0
-1100.0 0.2 -2000.0
0.0 90.0 0.0
500.0 0.0 50.0
-900.0 0.2 -2000.0
0.0 90.0 0.0
500.0 0.0 50.0

-1300.0 0.2 -500.0
0.0 90.0 0.0
500.0 0.0 50.0
-1500.0 0.2 -500.0
0.0 90.0 0.0
500.0 0.0 50.0
-1700.0 0.2 -500.0
0.0 90.0 0.0
500.0 0.0 50.0
-1100.0 0.2 -500.0
0.0 90.0 0.0
500.0 0.0 50.0
-900.0 0.2 -500.0
0.0 90.0 0.0
500.0 0.0 50.0